81450_1659988_M-34-42-A-d-3-2.asc
ncols         452
nrows         474
xllcenter     616490.00
yllcenter     333225.00
cellsize      5.00
nodata_value  -9999
[rows 320 to 351 of 474, columns 71 to 141 of 452]
283.45 283.02 282.86 282.72 282.58 282.47 282.33 282.07 281.82 281.61 281.46 281.15 280.91 280.82 280.99 280.50 280.17 280.10 279.97 279.91 279.67 279.22 279.05 278.98 278.70 278.32 278.18 278.02 277.86 277.80 277.38 277.08 277.06 276.60 276.50 276.28 276.15 276.14 276.70 276.63 276.06 275.26 275.19 274.96 274.80 274.57 274.16 274.09 273.97 273.96 273.72 273.47 273.44 273.45 273.50 273.26 273.14 273.00 272.83 272.79 272.80 272.67 272.59 272.53 272.60 272.53 272.43 272.38 272.32 271.89 271.73
283.83 283.64 283.26 282.98 282.83 282.70 282.42 282.26 282.06 281.83 281.62 281.33 281.14 281.07 280.97 280.74 280.47 280.43 280.30 280.20 279.74 279.44 279.40 279.18 278.88 278.60 278.37 278.20 278.01 277.78 277.47 277.30 277.05 276.81 276.59 276.47 276.28 277.21 276.63 276.33 275.75 275.43 275.16 275.06 274.96 274.60 274.49 274.34 274.24 274.30 273.88 273.63 273.58 273.54 273.47 273.27 273.18 273.00 272.97 272.90 272.99 272.75 272.74 272.68 272.60 272.55 272.51 272.52 272.13 271.90 272.01
283.99 283.68 283.54 283.42 283.19 282.94 282.75 282.50 282.30 282.07 281.81 281.69 281.61 281.39 281.14 281.01 280.88 280.85 280.68 280.44 279.98 279.87 279.71 279.37 279.00 278.80 278.57 278.44 278.10 278.35 277.77 277.48 277.19 277.08 276.82 276.64 276.88 277.04 277.05 276.30 275.69 275.43 275.32 275.20 274.96 274.73 274.66 274.59 274.37 274.17 274.19 273.82 273.70 273.59 273.43 273.36 273.22 273.10 273.09 273.08 273.10 272.80 272.72 272.65 272.60 272.56 272.42 272.41 272.09 271.95 272.46
284.14 284.19 284.19 284.05 283.93 283.13 283.03 282.84 282.52 282.32 282.06 282.11 281.96 281.51 281.34 281.28 281.10 280.80 280.69 280.61 280.24 280.15 279.86 279.78 279.29 278.96 278.80 278.52 278.25 278.28 277.97 277.65 277.45 277.31 277.05 276.95 277.55 277.44 276.93 275.95 275.71 275.67 275.53 275.35 275.12 275.05 274.99 274.69 274.41 274.19 274.09 274.02 273.74 273.76 273.54 273.43 273.48 273.31 273.19 273.36 273.09 272.81 272.76 272.64 272.61 272.58 272.38 272.19 272.02 271.95 272.46
284.78 284.80 284.68 284.34 284.11 283.89 284.39 283.01 282.78 282.57 282.25 282.29 282.23 281.80 281.58 281.44 281.23 281.20 280.85 280.67 280.53 280.36 280.43 280.32 280.09 279.74 279.02 278.82 278.52 278.60 278.24 277.86 277.67 277.50 277.31 277.15 277.32 277.69 276.45 276.22 276.01 275.87 275.73 275.53 275.39 275.41 275.43 274.81 274.56 274.40 274.24 274.18 274.01 273.78 273.72 273.53 273.58 273.50 273.67 273.63 273.17 272.90 272.81 272.74 272.57 272.59 272.43 272.20 272.04 272.00 271.96
284.86 284.86 284.74 284.48 284.15 283.77 284.00 283.27 283.22 282.78 282.63 282.58 282.25 282.01 281.86 281.66 281.57 281.38 281.02 280.98 280.88 280.54 280.56 280.56 280.37 279.92 279.58 279.19 278.93 278.79 278.39 278.14 278.05 277.75 277.62 277.77 277.56 277.01 276.67 276.74 276.67 276.15 275.91 275.73 275.64 275.83 275.44 274.95 274.78 274.66 274.52 274.34 274.08 274.02 273.87 273.85 273.84 273.55 273.75 273.62 273.28 273.02 272.87 273.19 272.44 272.41 272.36 272.18 272.12 272.04 272.01
285.08 284.78 284.74 284.44 284.39 284.14 284.55 284.35 283.34 283.06 282.87 282.99 282.58 282.41 282.21 282.02 281.85 281.74 281.43 281.24 281.09 280.75 280.55 280.24 280.04 279.75 279.54 279.41 279.32 279.11 278.63 278.51 278.39 278.12 278.35 278.07 277.77 277.29 277.10 276.91 276.76 276.42 276.16 276.15 276.07 276.08 275.66 275.27 275.03 274.73 274.64 274.43 274.21 274.16 274.00 273.93 273.82 274.06 273.83 273.53 273.47 273.17 272.98 272.87 272.61 272.51 272.35 272.32 272.20 272.09 272.06
285.39 285.14 285.02 284.72 284.55 284.34 284.47 284.47 283.62 283.47 283.49 283.46 283.02 282.79 282.60 282.51 282.25 281.89 281.73 281.57 281.23 280.87 280.72 280.38 280.13 279.98 279.91 279.66 279.83 279.30 279.00 278.87 278.65 278.37 279.09 278.51 278.69 277.76 277.56 277.43 276.98 276.75 276.48 276.40 276.22 276.07 275.80 275.50 275.22 275.04 274.77 274.58 274.47 274.30 274.13 273.97 273.92 274.11 273.88 273.71 273.45 273.13 273.04 272.90 272.92 272.57 272.45 272.48 272.21 272.15 272.18
285.74 285.48 285.24 285.06 284.85 284.77 284.63 284.09 283.86 283.78 283.88 283.57 283.32 283.16 282.96 282.82 282.49 282.32 282.01 281.73 281.49 281.18 280.94 280.66 280.34 280.20 280.09 279.94 279.96 279.55 279.41 279.19 278.86 278.78 278.64 278.66 278.86 277.79 277.77 277.48 277.44 277.22 276.67 276.48 276.37 276.19 275.89 275.72 275.44 275.20 274.92 274.83 274.55 274.39 274.20 274.10 274.14 274.24 273.88 273.74 273.38 273.25 273.28 273.24 272.97 272.77 272.51 272.37 272.31 272.23 272.42
286.04 285.82 285.58 285.50 285.29 285.06 284.72 284.42 284.17 284.25 284.04 283.81 283.68 283.43 283.33 283.23 282.85 282.66 282.37 282.10 281.61 281.42 281.19 280.98 280.79 280.60 280.33 280.28 279.99 279.78 279.70 279.47 279.21 279.13 278.68 278.61 278.38 277.97 277.79 277.67 277.54 277.37 276.97 276.66 276.58 276.32 276.24 276.06 275.81 275.48 275.30 275.09 274.75 274.66 274.56 274.39 274.19 274.04 274.14 273.89 273.52 273.38 273.36 273.37 273.07 272.95 272.73 272.61 272.41 272.45 272.53
286.43 286.15 285.97 285.81 285.67 285.40 284.90 284.66 284.62 284.61 284.28 284.05 283.94 283.79 283.79 283.53 283.15 282.95 282.66 282.36 282.06 281.81 281.48 281.23 281.17 281.25 280.64 280.45 280.23 280.11 280.11 279.81 279.56 279.46 279.03 278.76 278.26 278.14 277.93 277.60 277.47 277.16 277.03 276.96 276.90 276.55 276.45 276.22 276.13 276.07 276.13 276.10 276.02 275.37 274.99 274.60 274.26 274.28 273.98 273.91 273.76 273.54 273.40 273.31 273.23 273.04 272.90 272.80 272.53 272.67 272.60
286.71 286.45 286.27 286.34 286.14 285.45 285.26 285.00 284.96 284.77 284.46 284.39 284.26 284.28 284.10 283.72 283.54 283.30 282.97 282.54 282.42 282.21 281.83 281.57 281.32 281.18 281.03 280.66 280.42 280.60 280.58 280.25 280.04 279.49 279.23 278.73 278.78 278.35 278.09 277.91 277.55 277.37 277.30 277.48 277.35 276.93 276.69 276.49 276.45 276.03 276.13 276.17 276.15 275.69 275.48 274.51 274.37 274.34 274.32 274.24 273.86 273.67 273.54 273.44 273.34 273.19 272.95 272.90 272.73 272.74 272.76
287.04 286.77 286.60 286.65 286.64 285.73 285.53 285.69 285.19 285.20 284.86 284.78 284.48 284.49 284.36 284.19 283.85 283.76 283.29 282.90 282.91 282.31 282.09 281.91 281.66 281.48 281.27 280.88 280.75 280.69 280.71 280.48 280.34 279.88 279.34 279.08 278.69 278.45 278.32 277.98 277.69 277.53 277.56 277.45 277.42 277.16 276.81 276.60 276.42 276.15 276.11 276.13 276.06 275.95 275.87 274.60 274.47 274.39 274.64 274.38 273.91 273.70 273.65 273.60 273.57 273.26 273.16 273.02 272.92 272.91 272.80
287.37 287.11 287.00 286.95 286.36 286.03 285.84 285.88 285.60 285.39 285.24 284.95 285.04 284.72 284.61 284.31 284.07 283.96 283.65 283.35 282.96 282.73 282.39 282.15 281.92 281.77 281.38 281.17 281.05 281.03 280.91 280.75 280.38 280.39 279.66 279.28 278.91 278.70 278.44 278.13 277.89 277.95 277.69 277.52 277.40 277.24 276.99 276.77 276.57 276.17 276.09 276.12 276.06 275.99 275.24 274.73 274.56 274.48 274.43 274.42 273.99 273.93 273.79 273.58 273.54 273.28 273.23 273.22 273.19 272.86 272.69
287.75 287.48 287.31 287.22 286.57 286.38 286.54 286.47 285.86 285.67 285.63 285.30 285.22 284.93 284.79 284.64 284.55 284.27 283.86 283.55 283.22 282.91 282.79 282.47 282.22 281.98 281.53 281.41 281.25 281.19 281.32 280.93 280.89 280.39 280.27 279.44 279.17 279.00 278.62 278.38 278.16 278.09 277.99 277.69 277.58 277.59 277.17 276.92 276.75 276.16 276.14 276.17 276.02 275.90 275.32 274.93 274.71 274.59 274.90 274.75 274.22 274.01 273.87 273.71 273.62 273.54 273.38 273.67 273.49 273.30 272.88
288.08 287.88 287.79 287.22 286.98 286.79 286.77 286.56 286.32 285.95 285.73 285.92 285.55 285.22 285.10 285.04 284.89 284.61 284.15 283.78 283.46 283.26 282.96 282.70 282.59 282.08 281.90 281.76 281.51 281.57 281.39 281.16 280.89 280.42 279.96 279.68 279.42 279.09 278.79 278.62 278.49 278.22 278.00 277.79 277.70 277.57 277.33 277.17 276.33 276.14 276.18 276.18 275.98 275.43 275.10 274.92 274.79 274.70 274.70 274.60 274.29 274.10 273.84 273.85 273.58 273.45 273.57 273.37 273.41 273.30 272.88
288.62 288.47 287.99 287.64 287.44 287.31 287.13 286.84 286.66 286.37 286.18 286.27 285.86 285.58 285.34 285.20 285.07 284.85 284.60 284.12 283.81 283.48 283.32 283.01 282.70 282.31 282.18 282.07 281.82 281.85 281.52 281.44 281.18 280.71 280.29 279.95 279.63 279.28 278.95 278.87 278.74 278.36 278.17 277.94 277.91 277.67 277.52 277.37 277.19 276.18 276.15 276.16 276.10 275.52 275.30 275.12 274.91 274.75 274.63 274.56 274.40 274.46 273.95 273.92 273.69 273.61 273.78 273.49 273.24 273.09 272.88
288.98 288.87 288.27 288.06 287.90 287.85 287.53 287.16 286.98 286.50 286.61 286.43 286.05 285.74 285.66 285.47 285.44 285.16 284.85 284.32 284.10 283.77 283.43 283.35 282.86 282.60 282.51 282.46 282.27 281.97 281.95 281.88 281.18 280.93 280.58 280.30 279.88 279.41 279.21 279.18 278.81 278.59 278.30 278.11 277.92 277.79 277.75 277.49 277.16 276.84 276.54 276.26 276.08 275.79 275.42 275.24 275.08 274.96 274.75 274.74 274.57 274.28 274.17 274.20 273.82 273.87 273.59 273.55 273.45 273.29 272.94
289.47 289.23 288.70 288.51 288.50 288.12 287.72 287.52 287.31 287.05 286.98 286.56 286.46 286.09 285.91 285.65 285.66 285.47 285.13 284.69 284.43 284.11 283.85 283.39 283.10 282.95 282.83 282.80 282.51 282.21 282.23 281.91 281.49 281.19 280.81 280.56 280.02 279.76 279.60 279.39 278.94 278.69 278.45 278.24 278.13 277.94 277.83 277.62 277.22 277.00 276.84 276.68 276.19 275.94 275.59 275.49 275.25 274.87 274.91 274.72 274.64 274.32 274.51 274.33 274.20 273.89 273.71 273.57 273.62 273.42 273.23
289.81 289.28 289.11 289.03 288.97 288.45 288.07 288.15 287.52 287.62 287.26 286.98 286.74 286.42 286.18 286.01 285.92 285.67 285.41 284.98 284.67 284.38 284.19 283.59 283.41 283.19 283.07 282.99 282.83 282.54 282.39 282.03 281.71 281.39 281.08 280.62 280.14 279.87 279.82 279.27 279.11 278.82 278.57 278.38 278.26 278.32 278.17 277.61 277.41 277.25 277.06 276.68 276.36 276.03 275.73 275.55 275.33 275.07 274.94 274.81 274.69 274.58 274.63 274.37 274.29 274.04 273.91 273.70 273.67 273.42 273.20
290.07 289.73 289.56 289.66 289.19 288.79 288.60 288.50 288.04 287.84 287.37 287.27 287.02 286.84 286.37 286.28 286.06 286.04 285.52 285.30 284.94 284.63 284.17 283.85 283.73 283.59 283.45 283.09 282.88 282.62 282.34 282.08 281.78 281.50 281.23 280.83 280.38 280.18 279.76 279.49 279.23 278.96 278.78 278.64 278.68 278.54 278.31 277.73 277.61 277.47 277.29 276.98 276.72 276.22 276.07 275.84 275.43 275.25 275.06 274.87 274.74 274.76 274.64 274.51 274.24 274.11 274.02 273.69 273.57 273.38 273.08
290.31 290.01 289.96 289.97 289.65 289.30 289.14 288.47 288.57 288.06 287.92 287.56 287.33 287.09 286.73 286.48 286.33 286.04 285.79 285.50 285.15 284.89 284.40 284.22 284.04 283.79 283.65 283.42 283.02 282.74 282.32 282.22 282.00 281.84 281.51 281.07 280.69 280.56 279.89 279.71 279.43 279.20 279.01 278.82 278.79 278.64 278.11 277.93 277.83 277.69 277.30 277.03 276.72 276.41 276.28 275.86 275.56 275.36 275.12 275.09 274.87 274.88 274.80 274.80 274.36 274.36 274.22 274.04 273.48 273.31 273.17
290.70 290.48 290.54 290.29 289.94 289.80 289.47 289.19 288.96 288.31 288.03 288.00 287.70 287.18 287.04 286.79 286.46 286.24 286.11 285.81 285.50 285.04 284.71 284.52 284.26 284.15 283.75 283.66 283.40 282.91 282.53 282.28 282.13 282.07 281.61 281.22 281.02 280.45 280.08 279.90 279.67 279.43 279.21 279.14 278.98 278.67 278.26 278.12 278.02 278.00 277.86 277.21 276.90 276.61 276.38 275.91 275.69 275.46 275.18 275.29 275.18 275.11 275.04 274.82 274.58 274.41 274.40 274.34 273.65 273.49 273.08
291.05 291.14 291.07 290.61 290.33 290.15 289.55 289.65 289.34 288.65 288.41 288.29 287.95 287.49 287.34 287.03 286.68 286.56 286.39 286.12 285.81 285.32 285.10 284.64 284.56 284.38 284.09 283.79 283.47 282.99 282.80 282.54 282.32 282.12 281.79 281.50 281.19 280.43 280.25 280.05 279.88 279.67 279.42 279.41 279.24 278.78 278.43 278.33 278.26 278.18 277.69 277.27 277.02 276.76 276.30 276.03 275.87 275.44 275.32 275.16 275.17 275.18 275.00 274.78 274.63 274.64 274.57 274.19 273.78 273.51 273.28
291.52 291.39 291.17 291.11 290.74 290.38 290.12 289.90 289.47 289.12 288.94 288.64 287.99 287.84 287.54 287.29 287.02 286.79 286.61 286.42 286.13 285.66 285.40 285.02 284.95 284.58 284.24 284.01 283.43 283.32 283.03 282.75 282.47 282.21 281.97 281.87 281.12 280.75 280.38 280.23 280.14 279.86 279.77 279.53 279.21 278.83 278.63 278.55 278.70 278.17 277.82 277.41 277.21 276.94 276.44 276.32 275.97 275.55 275.38 275.24 275.16 275.26 274.92 274.74 274.78 274.73 274.61 274.04 273.96 273.70 273.81
291.96 291.69 291.42 291.12 291.01 290.62 290.61 290.15 289.78 289.47 289.26 288.90 288.40 288.10 287.79 287.49 287.37 287.07 286.96 286.65 286.38 285.98 285.51 285.51 285.18 284.76 284.55 284.12 283.60 283.40 283.18 282.93 282.69 282.40 282.35 282.04 281.46 281.15 280.45 280.41 280.24 280.09 279.95 279.66 279.31 278.94 278.83 278.87 278.70 278.29 277.92 277.55 277.23 276.90 276.50 276.34 276.01 275.71 275.48 275.34 275.28 275.21 274.89 274.77 274.91 274.92 274.63 274.26 273.94 273.72 273.82
292.37 291.98 291.79 291.42 291.30 291.13 290.82 290.41 290.13 289.75 289.49 289.04 288.74 288.43 288.05 287.75 287.48 287.28 287.14 286.79 286.51 286.25 285.79 285.71 285.37 285.07 284.71 284.24 283.87 283.55 283.40 283.13 282.87 282.73 282.64 282.09 281.80 281.45 281.12 280.71 280.45 280.25 280.00 279.63 279.25 279.12 278.98 279.14 278.96 278.52 278.13 277.95 277.44 277.01 276.72 276.53 276.01 275.80 275.70 275.48 275.36 275.14 275.11 275.20 275.06 274.99 274.44 274.40 273.95 273.77 273.74
292.58 292.27 291.93 291.74 291.43 291.41 291.04 290.63 290.46 290.12 289.58 289.49 289.04 288.75 288.35 288.00 287.77 287.47 287.20 287.06 286.84 286.29 286.16 285.84 285.45 285.31 284.91 284.35 284.19 283.95 283.61 283.39 283.01 282.97 282.96 282.25 281.83 281.52 281.50 280.82 280.62 280.50 280.22 279.65 279.41 279.28 279.39 279.30 278.90 278.58 278.32 277.93 277.48 277.04 276.84 276.39 276.11 275.92 275.77 275.69 275.51 275.35 275.27 275.24 275.13 274.88 274.66 274.32 274.16 274.00 273.79
292.94 292.60 292.16 291.90 291.94 291.64 291.16 290.95 290.63 290.26 289.72 289.61 289.26 288.96 288.55 288.23 287.96 287.78 287.45 287.33 287.06 286.81 286.64 286.14 285.71 285.46 284.84 284.72 284.38 284.10 283.85 283.55 283.34 283.26 282.91 282.49 282.11 281.91 281.44 281.16 281.01 280.72 280.28 279.88 279.66 279.56 279.47 279.29 278.94 278.81 278.51 278.23 277.53 277.39 276.94 276.55 276.30 276.05 275.85 275.94 275.78 275.74 275.41 275.20 275.24 274.85 274.76 274.22 274.13 274.10 273.90
292.94 292.58 292.55 292.24 292.24 291.90 291.49 291.14 290.84 290.68 290.19 289.80 289.51 289.15 288.81 288.58 288.27 287.94 287.62 287.51 287.25 287.12 286.97 286.31 286.23 285.48 285.17 285.01 284.60 284.39 284.18 283.75 283.63 283.54 283.13 282.74 282.44 282.22 281.72 281.41 281.22 280.83 280.35 280.04 279.86 279.85 279.54 279.31 279.14 279.05 278.67 278.01 277.80 277.49 276.93 276.76 276.44 276.26 276.27 275.90 275.69 275.59 275.36 275.55 275.31 274.94 274.61 274.40 274.20 274.10 274.01
293.04 292.94 292.52 292.71 292.69 292.10 291.67 291.41 291.15 290.54 290.29 289.99 289.55 289.25 288.91 288.66 288.63 288.06 287.92 287.78 287.51 287.47 287.05 286.77 286.37 285.66 285.54 285.06 284.82 284.78 284.43 284.19 283.94 283.56 283.34 282.93 282.97 282.38 282.05 281.70 281.46 281.63 281.48 281.20 280.17 280.16 279.66 279.44 279.44 279.44 278.77 278.26 278.08 277.65 277.16 276.85 276.71 276.50 276.52 276.16 275.94 275.89 275.72 275.59 275.10 275.00 274.58 274.45 274.18 274.23 274.17
293.31 293.14 292.99 292.90 292.68 292.60 291.88 291.59 291.21 290.89 290.40 290.07 289.75 289.38 289.13 288.86 289.00 288.23 288.10 287.87 287.82 287.79 287.34 287.23 286.59 286.24 285.73 285.48 285.19 285.11 284.76 284.32 284.18 283.75 283.67 283.40 283.06 282.57 282.23 282.01 281.93 282.31 281.94 281.36 280.93 280.25 279.90 279.59 279.44 279.39 278.81 278.57 278.24 277.62 277.32 276.98 276.84 276.79 276.44 276.21 276.05 275.93 275.78 275.56 275.25 274.80 274.63 274.47 274.35 274.38 274.22
