81450_1659988_M-34-42-A-d-3-2.asc
ncols         452
nrows         474
xllcenter     616490.00
yllcenter     333225.00
cellsize      5.00
nodata_value  -9999
[rows 192 to 223 of 474, columns 0 to 70 of 452]
-9999 -9999 -9999 -9999 -9999 277.88 277.76 277.40 277.24 277.11 277.13 277.22 276.98 276.35 276.71 276.74 276.60 276.51 276.39 276.19 275.99 275.76 275.69 275.58 275.46 275.26 275.26 275.31 275.05 274.97 274.85 274.81 274.76 274.75 274.76 274.74 274.51 274.68 274.50 274.41 274.33 274.18 274.30 274.26 273.94 273.74 273.62 273.66 273.68 273.45 273.48 273.48 273.49 273.44 273.41 273.30 272.96 272.95 273.01 272.98 272.77 272.75 272.73 272.69 272.61 272.64 272.56 272.47 272.45 272.31 272.22
-9999 -9999 -9999 -9999 -9999 277.73 277.64 277.41 277.28 277.13 277.34 277.01 276.80 276.59 276.69 276.65 276.55 276.31 276.09 276.08 275.95 275.76 275.53 275.56 275.43 275.28 275.22 275.20 274.93 274.82 274.83 274.80 274.77 274.90 274.87 274.85 274.60 274.62 274.43 274.42 274.37 274.15 273.94 274.03 273.76 273.65 273.64 273.68 273.76 273.67 273.54 273.50 273.50 273.47 273.44 273.25 272.98 273.18 273.13 273.35 272.75 272.90 272.82 272.63 272.56 272.53 272.53 272.45 272.44 272.45 272.51
-9999 -9999 -9999 -9999 -9999 277.75 277.54 277.30 277.14 276.93 276.91 276.89 276.60 276.60 276.64 276.60 276.42 275.85 275.87 275.96 275.84 275.59 275.06 275.37 275.38 275.21 275.08 275.01 274.86 274.85 274.73 274.72 274.77 274.79 274.73 274.82 274.61 274.67 274.49 274.40 274.19 274.07 273.89 273.89 273.73 273.59 273.64 273.73 273.74 273.64 273.63 273.64 273.46 273.43 273.43 273.19 272.98 273.01 272.57 272.81 272.81 272.99 272.74 272.68 272.71 272.63 272.42 272.36 272.33 272.31 272.38
-9999 -9999 -9999 -9999 -9999 277.67 277.38 277.19 277.07 276.89 276.73 276.57 276.39 276.37 276.48 276.44 276.36 275.89 275.84 275.99 275.67 275.68 274.74 275.38 275.29 275.12 275.02 274.87 274.92 274.94 274.67 274.71 274.65 274.65 274.75 274.54 274.69 274.67 274.42 274.27 274.16 274.12 274.25 273.83 273.84 273.73 273.66 273.67 273.72 273.65 273.64 273.50 273.43 273.41 273.44 273.09 272.98 273.12 272.60 272.86 272.81 272.80 272.67 272.66 272.63 272.65 272.50 272.52 272.46 272.39 272.23
-9999 -9999 -9999 -9999 -9999 277.43 277.33 276.91 276.63 276.87 276.83 276.57 276.43 276.33 276.15 276.04 275.94 275.83 275.77 275.75 275.70 275.51 275.31 275.31 275.34 275.12 274.62 274.69 274.99 274.83 274.64 274.52 274.47 274.49 274.57 274.61 274.68 274.51 274.27 274.26 274.26 274.13 274.16 273.78 273.78 273.78 273.70 273.60 273.67 273.68 273.57 273.55 273.40 273.45 273.43 273.07 273.07 273.09 273.01 272.92 272.87 272.77 272.65 272.64 272.62 272.48 272.42 272.61 272.44 272.43 272.32
-9999 -9999 -9999 -9999 -9999 277.41 277.36 276.62 276.79 276.83 276.80 276.59 276.43 276.40 276.18 276.11 275.91 275.75 275.62 275.48 275.47 275.43 275.46 275.36 275.37 275.37 274.18 274.65 274.81 274.78 274.61 274.00 274.19 274.38 274.48 274.44 274.44 274.34 274.16 274.10 274.06 274.17 274.04 273.75 273.68 273.68 273.68 273.60 273.58 273.67 273.55 273.45 273.41 273.41 273.37 272.96 273.08 273.09 272.94 272.91 272.89 272.75 272.66 272.61 272.57 272.43 272.13 272.55 272.47 272.34 272.34
-9999 -9999 -9999 -9999 -9999 277.34 277.26 277.17 277.06 276.83 276.70 275.82 276.32 276.34 276.23 276.07 276.01 275.94 275.73 275.68 275.48 275.19 275.06 274.93 275.02 275.13 274.72 274.85 274.77 274.55 274.48 274.17 274.55 274.45 274.44 274.29 274.26 274.33 274.06 273.96 273.93 274.02 274.03 273.96 273.89 273.67 273.55 273.56 273.51 273.57 273.62 273.61 273.53 273.45 273.36 272.94 273.22 273.14 272.91 272.76 272.80 272.76 272.69 272.69 272.57 272.49 272.48 272.56 272.48 272.22 272.22
-9999 -9999 -9999 -9999 -9999 277.22 277.12 277.08 276.89 276.91 276.67 276.06 275.75 275.73 276.16 276.10 275.48 275.92 275.63 275.69 275.62 275.09 275.21 275.08 274.82 274.69 274.59 274.54 274.57 274.66 274.51 274.31 274.67 274.71 274.36 273.95 273.95 274.21 274.08 273.91 273.85 273.50 273.49 273.85 273.85 273.69 273.72 273.53 273.54 273.55 273.51 273.27 273.57 273.76 273.28 272.92 273.16 273.05 272.89 272.84 272.89 272.74 272.73 272.74 272.57 272.44 272.49 272.55 272.52 272.24 272.32
-9999 -9999 -9999 -9999 -9999 277.17 277.13 276.88 276.84 276.99 276.66 276.53 276.32 276.25 276.18 276.03 275.93 275.89 275.45 275.78 275.39 274.43 275.43 274.76 274.86 274.70 274.64 274.48 274.39 274.27 274.15 274.26 274.41 274.41 274.55 273.77 273.71 274.07 274.19 273.99 273.80 273.31 273.10 273.44 273.64 273.75 273.65 273.58 273.54 273.45 273.37 273.31 273.22 273.33 273.05 272.91 273.15 273.00 272.89 272.84 272.86 272.81 272.67 272.66 272.52 272.43 272.36 272.40 272.37 272.18 272.25
-9999 -9999 -9999 -9999 -9999 277.14 277.07 277.06 276.80 276.83 276.49 276.34 276.51 276.36 276.19 276.09 275.91 275.82 275.55 275.72 275.47 274.79 275.26 274.60 274.90 274.91 274.58 274.62 274.33 274.43 274.25 274.03 273.95 273.90 273.94 273.91 273.93 274.04 274.01 273.88 274.13 273.40 273.60 273.59 273.61 273.70 273.59 273.47 273.41 273.50 273.26 273.30 273.35 273.29 272.93 272.96 273.12 273.11 272.83 272.84 272.84 272.77 272.64 272.63 272.50 272.44 272.37 272.33 272.28 272.22 272.23
-9999 -9999 -9999 -9999 -9999 277.11 277.00 276.92 276.91 276.83 276.73 276.55 276.38 276.25 276.09 276.01 275.92 275.88 275.71 275.69 275.49 275.13 275.08 274.93 274.88 274.76 274.48 274.58 274.46 274.37 274.25 274.05 274.14 273.91 273.85 273.70 273.70 273.60 273.63 273.63 273.57 273.43 273.54 273.55 273.55 273.58 273.44 273.40 273.33 273.35 273.23 273.22 273.25 273.27 272.81 272.95 273.01 272.97 272.90 272.99 272.92 272.75 272.60 272.59 272.55 272.48 272.44 272.33 272.33 272.25 272.23
-9999 -9999 -9999 -9999 -9999 277.21 277.07 276.91 276.99 276.88 276.88 276.57 276.46 276.43 276.39 276.26 275.97 275.88 275.73 275.43 275.22 275.21 275.01 275.00 274.87 274.94 274.82 274.46 274.53 274.34 274.24 273.99 274.02 273.99 273.99 273.73 273.63 273.58 273.49 273.43 273.38 273.42 273.47 273.50 273.43 273.74 273.31 273.32 273.58 273.21 273.18 273.15 273.28 273.15 272.79 272.93 273.03 272.97 272.87 272.83 272.71 272.63 272.63 272.63 272.65 272.50 272.39 272.40 272.34 272.28 272.22
-9999 -9999 -9999 -9999 -9999 277.24 277.15 277.07 277.04 276.89 276.72 276.51 276.39 276.38 276.39 276.27 276.03 275.86 275.75 275.37 275.11 275.08 274.98 274.90 274.77 274.97 275.02 274.54 274.39 274.37 273.78 274.08 273.93 273.99 273.96 273.71 273.73 273.77 273.61 273.52 273.48 273.32 273.24 273.18 273.22 273.26 273.17 273.25 273.52 273.15 273.01 273.06 273.26 273.02 272.73 272.88 272.86 272.82 272.75 272.78 272.70 272.53 272.44 272.46 272.64 272.57 272.53 272.39 272.30 272.30 272.22
-9999 -9999 -9999 -9999 -9999 277.45 277.48 277.23 276.98 276.87 276.70 276.57 276.47 275.87 276.37 276.26 276.07 275.95 275.72 275.27 275.18 275.02 275.00 274.95 274.65 274.54 274.56 274.50 274.55 274.30 274.11 274.14 274.06 274.03 273.94 273.69 274.06 273.83 273.34 273.59 273.48 273.53 273.50 273.27 273.11 273.04 272.95 272.96 273.00 273.01 272.99 273.08 273.17 272.87 272.70 272.98 272.93 272.86 272.71 272.69 272.63 272.44 272.34 272.29 272.28 272.21 272.30 272.15 272.12 272.20 272.10
-9999 -9999 -9999 -9999 -9999 277.71 277.54 277.26 277.11 277.01 277.00 276.68 276.58 276.55 276.31 276.29 276.05 275.87 275.55 275.32 275.18 275.01 274.89 274.66 274.65 274.63 274.50 274.39 274.41 274.25 274.23 274.18 274.05 273.99 273.84 273.71 274.12 273.74 273.35 273.50 273.19 273.56 273.53 273.49 273.19 273.07 273.07 272.94 272.85 272.75 272.69 272.82 272.80 272.66 272.75 272.89 272.69 272.63 272.69 272.68 272.61 272.44 272.18 272.16 272.18 272.15 272.29 272.09 272.07 271.99 272.04
-9999 -9999 -9999 -9999 -9999 277.82 277.59 277.41 277.25 277.11 276.91 276.76 276.57 276.50 276.45 276.24 276.13 275.76 275.44 275.34 275.25 274.85 274.82 274.62 274.52 274.69 274.28 274.39 274.19 274.35 274.26 274.01 273.97 273.98 273.82 273.80 274.16 273.76 273.34 273.47 273.25 273.45 273.52 273.46 273.22 272.38 273.13 273.04 272.96 272.89 272.86 272.84 272.60 272.60 272.74 272.78 272.78 272.80 272.83 272.82 272.82 272.61 272.37 272.01 272.02 272.02 272.00 271.93 272.00 271.92 271.83
-9999 -9999 -9999 -9999 -9999 277.99 277.75 277.62 277.42 277.17 277.10 276.91 276.68 276.66 276.44 276.26 276.18 275.75 275.38 275.21 274.99 274.87 274.83 274.66 274.50 274.33 274.21 274.28 274.15 274.20 274.15 274.03 274.13 274.03 273.73 273.90 274.10 273.88 273.57 273.45 273.43 273.47 273.50 273.32 273.08 272.89 273.12 273.14 273.01 272.80 272.87 272.88 272.99 272.57 272.83 272.85 272.76 272.80 272.91 272.94 272.97 272.68 272.13 271.91 271.82 271.88 271.88 271.86 271.92 271.95 271.77
-9999 -9999 -9999 -9999 -9999 278.37 278.08 277.74 277.48 277.32 277.12 276.95 276.43 276.76 276.44 276.35 276.17 276.17 275.70 275.30 275.17 274.86 274.68 274.52 274.49 274.18 274.24 274.11 273.99 274.16 274.35 273.98 274.02 273.90 273.74 273.85 273.77 273.65 273.56 273.43 273.34 273.36 273.35 273.26 273.14 273.13 273.13 273.16 272.98 272.56 272.80 272.94 272.80 272.59 272.77 272.76 272.79 272.62 272.65 272.86 272.86 272.29 271.86 271.76 271.76 271.68 271.70 271.83 271.91 271.68 271.64
-9999 -9999 -9999 -9999 -9999 278.41 278.23 277.87 277.69 277.41 277.18 277.04 276.91 276.61 276.51 276.42 276.30 275.96 275.54 275.54 275.25 275.15 274.75 274.82 274.53 274.27 274.24 274.04 273.97 274.10 274.15 273.94 274.00 273.86 273.85 273.79 273.68 273.61 273.57 273.58 273.37 273.21 273.21 273.23 273.19 273.21 273.18 273.33 273.15 273.05 272.93 272.87 272.74 272.63 272.79 272.86 272.75 272.48 272.45 272.49 272.27 272.26 271.74 271.69 271.67 271.54 271.41 271.50 271.52 271.58 271.55
-9999 -9999 -9999 -9999 -9999 278.44 278.20 277.97 277.78 277.44 277.15 276.94 276.83 276.74 276.50 276.50 276.15 275.88 275.58 275.49 275.16 275.17 274.66 274.65 274.60 274.35 274.23 274.11 274.05 273.97 273.88 273.96 273.97 273.79 273.88 273.63 273.55 273.56 273.42 273.44 273.42 273.44 273.14 273.15 273.14 273.31 273.13 273.10 273.13 273.00 273.01 272.93 272.64 272.73 272.85 272.90 272.68 272.45 272.35 272.34 272.22 272.13 271.72 271.63 271.60 271.48 271.41 271.40 271.43 271.45 271.44
-9999 -9999 -9999 -9999 -9999 278.42 278.33 278.14 277.82 277.52 277.31 277.16 276.78 276.80 276.70 276.80 276.15 275.81 275.56 275.38 275.09 274.84 274.78 274.61 274.51 274.31 274.19 274.15 274.11 274.03 274.04 273.98 274.04 273.80 273.89 273.68 273.67 273.57 273.39 273.43 273.41 273.14 273.00 272.82 272.76 273.00 273.12 272.96 272.99 273.01 272.95 272.90 272.67 272.79 272.80 272.78 272.66 272.41 272.34 272.32 272.03 272.01 271.63 271.61 271.51 271.43 271.38 271.38 271.39 271.43 271.45
-9999 -9999 -9999 -9999 -9999 278.67 278.58 278.28 278.00 277.54 277.52 277.27 276.90 276.94 277.01 276.79 276.32 276.16 275.97 275.49 275.17 275.05 274.87 274.69 274.56 274.32 274.25 274.17 274.16 274.07 274.03 274.06 273.94 273.83 273.92 273.64 273.61 273.53 273.28 273.16 272.98 272.89 272.92 272.81 272.83 272.80 272.91 272.90 272.89 272.89 272.88 272.83 272.69 272.86 272.56 272.64 272.57 272.40 272.28 272.26 271.97 271.74 271.57 271.58 271.55 271.47 271.45 271.46 271.33 271.35 271.32
-9999 -9999 -9999 -9999 -9999 278.70 278.57 278.41 278.26 277.77 277.57 277.10 277.09 276.92 276.91 276.97 276.55 276.27 275.97 275.45 275.21 275.07 275.11 274.91 274.69 274.34 274.22 274.12 274.16 273.75 274.06 274.21 273.92 273.99 273.86 273.71 273.53 273.47 273.33 273.19 272.98 272.89 272.97 272.83 272.79 272.75 272.94 272.92 272.94 272.92 272.85 272.83 272.71 272.81 272.62 272.39 272.30 272.29 272.13 272.04 271.96 271.56 271.40 271.45 271.34 271.38 271.43 271.45 271.33 271.44 271.46
-9999 -9999 -9999 -9999 -9999 -9999 278.55 278.48 278.20 277.92 277.58 277.35 277.22 277.06 277.04 276.78 276.49 276.33 276.16 275.55 275.25 275.18 275.13 274.88 274.88 274.63 274.50 274.28 274.19 274.05 274.02 273.99 273.88 274.00 273.73 273.59 273.48 273.42 273.29 273.18 273.02 273.01 273.02 272.85 272.77 272.78 272.87 272.89 272.97 272.94 272.91 272.84 272.85 272.92 272.74 272.58 272.20 272.13 272.01 271.94 271.93 271.47 271.44 271.38 271.35 271.32 271.25 271.38 271.29 271.37 271.37
-9999 -9999 -9999 -9999 -9999 -9999 278.64 278.56 278.36 278.02 277.70 277.44 277.30 277.17 277.19 276.53 276.35 276.35 276.15 275.70 275.46 275.38 275.24 275.04 274.93 274.84 274.74 274.38 274.21 274.08 273.97 274.10 273.93 274.01 273.71 273.61 273.45 273.35 273.13 273.13 273.06 273.09 273.11 273.01 273.00 272.91 272.87 272.90 272.94 272.93 272.96 272.80 272.92 272.90 272.72 272.56 272.42 272.07 271.91 271.99 272.03 271.52 271.44 271.50 271.46 271.30 271.28 271.60 271.29 271.22 271.15
-9999 -9999 -9999 -9999 -9999 -9999 278.78 278.67 278.43 277.79 277.70 277.59 277.44 277.39 276.96 276.82 276.35 276.42 276.35 276.17 275.55 275.49 275.55 275.22 274.91 274.86 274.65 274.53 274.27 274.11 274.01 274.02 274.01 274.01 273.71 273.62 273.48 273.33 273.21 273.09 273.05 273.15 273.11 273.09 273.09 273.09 273.24 273.19 273.21 273.24 273.03 272.83 273.02 272.66 272.53 272.50 272.30 272.07 271.91 271.93 271.80 271.51 271.41 271.36 271.36 271.33 271.28 271.49 271.39 271.29 271.16
-9999 -9999 -9999 -9999 -9999 -9999 278.86 278.84 278.73 278.44 278.26 277.81 277.56 277.49 276.97 276.95 276.70 276.52 276.32 276.19 275.65 275.74 275.54 275.33 274.94 274.87 274.64 274.57 274.46 274.27 274.10 273.99 274.10 273.91 273.71 273.62 273.53 273.41 273.37 273.30 273.23 273.20 273.20 273.20 273.14 273.19 273.31 273.24 273.16 273.19 272.97 272.88 273.07 272.87 272.63 272.46 272.28 272.12 271.96 271.76 271.66 271.50 271.42 271.27 271.26 271.23 271.17 271.45 271.37 271.31 271.16
-9999 -9999 -9999 -9999 -9999 -9999 278.65 278.53 278.49 278.38 278.24 277.81 277.70 277.62 277.22 277.10 276.96 276.81 276.57 276.39 276.05 276.00 275.59 275.50 275.22 274.83 274.61 274.56 274.52 274.42 274.18 274.04 274.16 274.00 273.86 273.73 273.64 273.48 273.54 273.57 273.65 273.36 273.34 273.31 273.27 273.27 273.33 273.25 273.18 273.09 272.93 273.06 273.08 272.85 272.69 272.73 272.45 272.24 272.06 271.86 271.64 271.46 271.42 271.29 271.14 271.23 271.15 271.53 271.54 270.99 270.88
-9999 -9999 -9999 -9999 -9999 -9999 279.20 278.82 278.46 278.19 278.03 277.86 277.72 277.74 277.48 277.29 277.13 277.05 276.91 276.66 276.32 276.13 275.76 275.60 275.37 275.02 274.94 274.82 275.13 274.78 274.19 274.16 274.21 274.11 273.84 273.93 273.82 273.78 273.80 273.65 273.58 273.39 273.37 273.35 273.29 273.49 273.33 273.29 273.13 273.08 273.01 273.16 273.04 272.91 272.75 272.57 272.55 272.43 272.29 272.01 271.82 271.57 271.56 271.24 271.18 271.16 271.17 271.23 270.94 270.78 270.76
-9999 -9999 -9999 -9999 -9999 -9999 279.25 278.67 278.49 278.26 278.16 277.84 277.64 277.48 277.36 277.20 277.05 276.96 276.93 276.74 276.48 276.33 276.00 275.64 275.38 275.24 275.22 275.16 275.43 274.94 274.28 274.34 274.19 274.05 273.93 274.00 274.01 274.01 273.79 273.70 273.58 273.41 273.43 273.43 273.51 273.60 273.50 273.46 273.43 273.19 273.06 273.17 272.99 272.85 272.76 272.57 272.48 272.44 272.32 272.12 271.82 271.56 271.42 271.33 271.24 271.23 271.14 271.13 271.02 270.84 270.73
-9999 -9999 -9999 -9999 -9999 -9999 278.99 278.74 278.43 278.30 278.16 277.58 277.72 277.53 277.46 277.14 277.14 276.92 276.69 276.56 276.38 276.31 276.08 276.06 275.91 275.70 275.36 275.26 275.36 274.74 274.39 274.45 274.17 274.18 274.13 274.07 274.08 274.04 273.85 273.91 273.72 273.54 273.61 273.50 273.66 273.61 273.60 273.55 273.43 273.16 273.16 273.38 273.20 272.89 272.78 272.59 272.58 272.45 272.37 272.29 271.86 271.81 271.70 271.67 271.32 271.22 271.17 271.18 270.94 270.86 270.74
-9999 -9999 -9999 -9999 -9999 -9999 278.81 278.35 278.40 278.31 278.09 277.03 276.89 277.59 277.57 277.15 277.31 277.16 276.84 276.58 276.55 276.35 276.06 275.89 275.70 275.61 275.51 275.28 274.94 274.70 274.44 274.51 274.41 274.42 274.36 274.22 274.12 274.04 273.96 273.74 273.73 273.70 273.74 273.72 273.80 273.68 273.69 273.61 273.44 273.17 273.38 273.63 273.31 273.10 272.85 272.77 272.71 272.61 272.54 272.29 272.05 271.88 271.87 271.76 271.62 271.55 271.52 271.49 271.11 270.87 270.79
