81450_1659988_M-34-42-A-d-3-2.asc
ncols         452
nrows         474
xllcenter     616490.00
yllcenter     333225.00
cellsize      5.00
nodata_value  -9999
[rows 160 to 191 of 474, columns 0 to 70 of 452]
-9999 -9999 -9999 -9999 278.76 278.69 278.56 278.25 278.23 278.11 277.92 277.91 277.65 277.54 277.40 277.34 277.18 276.99 276.84 276.93 277.04 276.99 276.78 276.53 276.28 276.09 275.94 275.74 275.28 275.08 274.80 274.79 274.75 274.55 274.33 274.25 274.02 274.01 273.62 273.47 273.28 273.25 272.99 272.97 273.06 273.19 273.29 272.95 273.10 272.82 272.69 272.54 272.35 272.25 272.23 272.28 272.27 272.30 272.36 272.42 272.24 272.15 272.13 272.12 272.06 271.98 272.07 272.05 271.99 271.85 271.73
-9999 -9999 -9999 -9999 278.85 278.70 278.40 278.12 278.34 278.32 278.16 278.44 278.29 277.57 277.35 277.25 277.16 277.00 276.86 276.79 276.69 276.54 276.63 276.43 276.40 276.18 275.96 275.71 275.45 275.22 275.06 274.93 274.92 274.72 274.51 274.37 274.28 274.10 273.77 273.60 273.43 273.43 273.13 273.03 272.96 273.22 273.19 272.94 272.99 272.90 272.72 272.40 272.39 272.39 272.48 272.55 272.49 272.35 272.37 272.41 272.37 272.35 272.23 272.20 272.13 272.11 272.12 272.08 272.10 272.05 271.91
-9999 -9999 -9999 -9999 279.09 278.73 278.43 278.45 278.58 278.21 278.43 278.83 278.82 277.69 277.58 277.85 277.21 277.01 276.82 276.71 276.63 276.50 276.45 276.24 276.14 276.08 276.08 275.70 275.63 275.32 275.18 275.06 274.97 274.75 274.68 274.51 274.37 274.02 273.82 273.73 273.66 273.49 273.33 273.23 273.34 273.54 273.11 273.05 272.97 272.81 272.71 272.52 272.50 272.59 272.67 272.69 272.52 272.44 272.49 272.52 272.40 272.51 272.34 272.17 272.17 272.13 272.13 272.27 272.10 272.23 271.93
-9999 -9999 -9999 -9999 279.32 278.81 278.72 278.96 278.70 278.45 278.82 278.98 278.95 277.78 278.93 278.96 278.92 277.21 277.11 276.85 276.64 276.52 276.31 276.21 276.10 276.00 275.86 275.73 275.66 275.64 275.45 275.28 275.13 274.95 274.86 274.57 274.37 274.04 273.91 273.79 273.76 273.66 273.53 273.50 273.50 273.43 273.18 273.11 272.99 272.88 272.69 272.61 272.62 272.76 272.81 272.71 272.52 272.57 272.64 272.52 272.50 272.43 272.25 272.21 272.20 272.21 272.30 272.40 272.56 272.00 271.86
-9999 -9999 -9999 -9999 279.65 279.57 279.01 278.99 278.35 278.78 279.07 279.03 278.96 278.17 278.62 278.88 278.43 277.38 278.34 278.01 276.89 276.50 276.37 276.14 276.08 276.04 275.82 275.72 275.59 275.50 275.42 275.26 275.13 275.06 275.00 274.89 274.57 274.21 274.24 274.00 274.04 273.84 273.76 273.71 273.70 273.33 273.25 273.12 273.08 273.09 272.70 272.65 272.68 272.73 272.90 272.71 272.70 272.70 272.68 272.61 272.67 272.53 272.44 272.38 272.31 272.28 272.18 272.12 272.16 272.09 271.94
-9999 -9999 -9999 -9999 279.74 279.65 279.57 279.57 279.01 279.13 279.12 279.15 279.08 278.41 278.55 278.80 277.91 277.69 278.43 277.90 277.92 277.82 277.67 276.28 276.29 276.11 275.99 275.74 275.60 275.46 275.33 275.20 275.06 274.96 274.89 274.87 274.80 274.79 274.47 274.31 274.20 274.03 273.94 273.84 273.70 273.35 273.25 273.18 273.18 273.06 272.82 272.83 272.75 272.80 272.97 272.73 272.80 272.76 272.71 272.75 272.70 272.58 272.51 272.45 272.37 272.26 272.15 272.11 272.08 271.96 271.95
-9999 -9999 -9999 -9999 279.86 279.68 279.60 279.60 279.36 279.35 279.25 279.19 279.15 278.77 278.76 278.70 278.18 278.22 278.21 278.26 277.95 277.86 277.45 276.93 276.36 276.17 276.01 275.94 276.04 275.85 275.43 275.11 275.02 274.94 274.81 274.70 274.61 274.54 274.48 274.45 274.39 274.29 274.11 274.08 273.72 273.69 273.37 273.27 273.47 272.97 272.88 272.83 272.85 273.03 272.88 272.88 272.82 272.84 272.71 272.76 272.82 272.62 272.54 272.50 272.39 272.40 272.23 272.15 272.10 272.06 272.01
-9999 -9999 -9999 -9999 279.89 279.83 279.72 279.60 279.54 279.46 279.32 279.16 278.99 278.86 278.75 278.49 278.35 278.33 278.33 278.29 277.95 277.73 277.56 277.18 276.47 276.32 276.08 276.06 276.10 275.97 275.31 275.26 275.40 275.08 275.02 274.65 274.55 274.45 274.35 274.24 274.20 274.13 274.17 274.15 274.01 273.72 273.63 273.61 273.41 273.13 273.10 272.99 273.07 273.02 272.99 273.08 273.00 272.93 272.75 272.80 272.82 272.65 272.50 272.42 272.37 272.17 272.16 272.13 272.09 272.07 272.03
-9999 -9999 -9999 -9999 279.82 279.59 279.61 279.50 279.51 279.58 279.23 279.08 279.30 278.88 278.72 278.47 278.41 278.40 278.38 278.21 277.86 277.75 277.52 277.31 276.53 276.38 276.22 276.14 276.15 275.90 275.40 275.66 275.61 275.23 274.95 274.92 274.76 274.55 274.38 274.33 274.12 274.06 273.92 273.95 273.88 273.72 273.79 273.69 273.42 273.36 273.32 273.22 273.29 273.10 273.08 273.12 273.05 272.77 272.79 272.83 272.69 272.59 272.35 272.36 272.31 272.16 272.19 272.19 272.17 272.07 271.94
-9999 -9999 -9999 -9999 279.65 279.44 279.37 279.02 278.76 279.05 279.03 279.02 278.89 278.91 278.77 278.60 278.46 278.38 278.38 277.94 277.81 277.73 277.55 277.21 276.63 276.48 276.28 276.31 276.19 276.01 275.85 275.90 275.68 275.48 275.18 275.02 274.75 274.63 274.51 274.40 274.08 274.03 274.08 273.84 273.75 273.66 273.64 273.69 273.48 273.43 273.43 273.48 273.22 273.20 273.15 273.15 273.12 272.80 272.82 272.85 272.74 272.43 272.37 272.38 272.23 272.12 272.13 272.14 272.08 272.04 272.05
-9999 -9999 -9999 -9999 -9999 279.31 279.36 278.76 278.75 278.89 278.83 278.80 278.60 278.67 278.51 278.45 278.36 278.54 278.23 277.93 277.82 277.67 277.55 276.68 276.59 276.48 276.34 276.39 276.19 276.02 275.89 275.79 275.67 275.50 275.29 275.08 274.89 274.66 274.46 274.41 274.29 274.21 274.15 274.25 273.85 273.76 273.66 273.53 273.42 273.38 273.30 273.29 273.22 273.20 273.24 273.20 273.08 272.88 272.85 272.81 272.74 272.46 272.42 272.38 272.20 272.11 272.09 272.07 272.02 271.96 272.12
-9999 -9999 -9999 -9999 -9999 279.14 279.00 278.69 278.58 278.48 278.50 278.58 278.52 278.40 278.39 278.07 278.06 278.41 278.19 277.83 277.73 277.61 277.62 276.69 276.58 276.48 276.40 276.49 276.18 276.05 275.94 275.79 275.67 275.49 275.31 275.06 274.90 274.42 274.51 274.38 274.36 274.34 274.34 274.03 274.21 274.13 273.91 273.56 273.58 273.49 273.29 273.23 273.16 273.10 273.10 273.03 272.96 272.94 272.94 272.88 272.76 272.68 272.58 272.33 272.20 272.10 272.06 272.07 272.01 272.01 272.11
-9999 -9999 -9999 -9999 -9999 278.88 278.74 278.66 278.55 278.45 278.38 278.17 278.02 278.21 278.09 278.08 277.86 277.86 277.72 277.71 277.53 277.44 277.17 276.70 276.67 276.56 276.47 276.43 276.29 276.01 275.88 275.74 275.60 275.49 275.38 275.05 274.94 274.76 274.60 274.24 274.45 274.48 274.53 273.90 274.30 274.08 274.01 273.60 273.59 273.47 273.44 273.33 273.25 273.17 273.04 272.97 272.90 272.85 272.71 272.70 272.72 272.71 272.62 272.60 272.49 272.31 272.18 272.13 272.22 272.17 272.10
-9999 -9999 -9999 -9999 -9999 278.54 278.48 278.40 278.30 278.24 278.04 277.89 277.83 278.06 277.89 277.93 277.65 277.39 277.50 277.43 277.48 277.32 277.32 277.11 276.72 276.68 276.47 276.29 275.97 275.86 275.88 275.91 275.72 275.40 275.55 275.24 274.94 274.80 274.65 274.25 274.45 274.50 274.44 273.91 273.90 273.90 273.91 273.66 273.57 273.20 273.42 273.41 273.39 273.36 273.05 273.07 272.98 272.80 272.75 272.68 272.60 272.55 272.48 272.43 272.40 272.46 272.39 272.29 272.32 272.19 272.18
-9999 -9999 -9999 -9999 -9999 278.42 278.35 278.28 278.12 277.93 277.86 277.76 277.68 277.59 277.46 277.42 277.43 277.27 277.42 277.42 277.37 277.19 277.14 276.84 276.64 276.52 276.46 276.48 275.95 275.89 276.14 276.07 275.98 275.62 275.50 275.15 274.85 274.71 274.54 274.32 274.44 274.54 274.32 273.91 273.83 273.88 272.94 273.69 273.48 273.17 273.36 273.30 273.28 273.22 272.97 272.98 272.98 272.84 272.80 272.80 272.68 272.49 272.45 272.39 272.31 272.29 272.19 272.19 272.13 272.05 272.09
-9999 -9999 -9999 -9999 -9999 278.19 278.26 278.31 278.13 278.00 277.80 277.68 277.62 277.44 277.13 277.18 277.21 277.14 277.18 277.14 276.76 276.96 276.97 276.75 276.53 276.43 276.33 276.40 275.86 275.74 275.76 276.05 275.89 275.99 275.78 275.08 274.82 274.74 274.32 274.30 274.36 274.27 273.89 273.90 273.89 273.68 273.20 273.32 273.19 273.17 273.35 273.19 273.09 272.95 272.86 272.99 272.90 272.87 272.89 272.87 272.71 272.60 272.63 272.39 272.33 272.33 272.21 272.11 272.07 272.00 271.93
-9999 -9999 -9999 -9999 -9999 278.18 278.00 277.89 277.87 277.51 277.62 277.45 277.52 277.13 277.06 277.10 276.98 276.97 276.94 276.73 276.57 276.74 276.77 276.60 276.41 276.27 276.20 276.10 275.67 275.54 275.42 275.47 275.29 275.25 275.25 274.95 274.73 274.66 274.42 274.40 274.41 274.05 273.85 273.77 273.86 273.50 273.25 273.25 273.14 273.27 273.31 273.09 272.70 272.43 272.89 272.92 272.81 272.81 272.78 272.73 272.63 272.57 272.63 272.43 272.54 272.60 272.57 272.32 272.14 271.99 271.89
-9999 -9999 -9999 -9999 -9999 278.33 278.14 277.82 277.60 277.43 277.24 277.21 277.26 277.02 276.85 277.04 276.87 276.78 276.86 276.69 276.72 276.70 276.55 276.47 276.27 276.15 276.25 275.81 275.74 275.43 275.34 275.28 275.14 275.03 274.89 274.90 274.88 274.57 274.38 274.36 274.16 273.87 273.75 273.66 273.64 273.59 273.13 273.13 273.07 273.35 273.25 273.09 272.96 272.72 272.79 272.84 272.76 272.69 272.68 272.67 272.53 272.54 272.57 272.45 272.52 272.59 272.56 272.57 272.48 272.38 271.99
-9999 -9999 -9999 -9999 -9999 278.42 277.90 277.72 277.68 277.58 277.46 277.14 276.97 276.86 276.75 276.79 276.68 276.61 276.68 276.58 276.68 276.57 276.45 276.24 276.12 276.06 276.16 275.75 275.67 275.48 275.39 275.39 275.12 274.83 274.80 274.72 274.52 274.57 274.27 274.31 274.07 273.82 273.90 273.68 273.62 273.34 273.13 273.10 273.12 273.23 273.19 273.09 273.26 272.90 272.75 272.67 272.68 272.68 272.69 272.67 272.51 272.51 272.56 272.52 272.59 272.59 272.60 272.56 272.43 272.15 272.02
-9999 -9999 -9999 -9999 -9999 278.31 277.84 277.81 277.73 277.65 277.47 277.23 277.12 276.93 276.90 276.66 276.55 276.53 276.40 276.47 276.45 276.34 276.29 275.84 275.94 276.03 276.02 275.61 275.50 275.42 275.42 275.33 274.81 274.76 274.67 274.58 274.59 274.44 274.18 274.18 274.01 273.95 273.86 273.69 273.50 273.34 273.14 273.04 273.27 273.35 273.11 273.03 273.13 272.81 272.78 272.71 272.69 272.66 272.71 272.58 272.52 272.50 272.56 272.53 272.54 272.53 272.62 272.65 272.53 272.10 272.09
-9999 -9999 -9999 -9999 -9999 278.24 277.90 277.79 277.72 277.69 277.42 277.13 277.12 276.63 276.82 276.69 276.78 276.59 276.36 276.25 276.14 276.09 276.07 275.98 276.09 276.09 275.60 275.50 275.30 275.37 275.14 275.13 274.84 274.73 274.75 274.81 274.56 274.23 274.28 274.21 274.02 273.91 273.82 273.58 273.47 273.73 273.64 273.18 273.24 273.37 273.35 273.21 272.98 272.78 272.75 272.68 272.65 272.66 272.71 272.59 272.47 272.45 272.44 272.52 272.19 272.47 272.56 272.56 272.31 272.10 272.15
-9999 -9999 -9999 -9999 -9999 278.13 277.88 277.74 277.68 277.56 277.02 277.08 276.76 276.31 276.65 276.84 276.83 276.96 276.53 276.49 276.15 276.11 275.95 275.80 275.81 275.99 275.60 275.52 275.26 275.24 275.12 274.97 274.69 274.69 274.70 274.68 274.54 274.32 274.32 274.21 274.02 273.93 273.78 273.72 273.79 273.94 273.33 273.15 273.11 273.15 273.05 273.19 272.96 272.80 272.76 272.76 272.67 272.70 272.67 272.60 272.47 272.34 272.28 272.25 272.26 272.43 272.49 272.43 272.28 272.18 272.12
-9999 -9999 -9999 -9999 -9999 277.92 277.76 277.70 277.59 277.53 277.32 277.24 277.00 276.57 276.50 276.50 276.36 276.47 276.57 276.40 276.25 276.30 276.04 275.85 275.77 275.60 275.47 275.37 275.29 275.23 275.17 274.98 274.89 274.73 274.72 274.65 274.44 274.44 274.23 273.97 274.05 273.97 273.82 273.64 273.89 273.73 273.18 273.24 273.19 273.08 273.03 272.95 272.85 272.83 272.77 272.85 272.80 272.84 272.73 272.62 272.57 272.31 272.25 272.25 272.29 272.40 272.38 272.31 272.16 272.07 272.08
-9999 -9999 -9999 -9999 -9999 277.88 277.71 277.67 277.61 277.51 277.37 277.32 277.30 276.68 276.68 276.44 276.38 276.48 276.39 276.31 276.22 276.14 275.98 275.77 275.78 275.64 275.64 275.50 275.28 275.16 275.05 275.06 274.94 274.82 274.85 274.69 274.41 274.37 274.01 274.08 274.02 274.01 273.75 273.77 273.58 273.49 273.38 273.37 273.24 273.15 273.15 273.01 272.89 272.98 273.19 272.83 273.02 272.87 272.69 272.45 272.38 272.27 272.22 272.26 272.32 272.34 272.21 272.16 272.01 271.98 272.01
-9999 -9999 -9999 -9999 -9999 277.96 277.69 277.60 277.63 277.39 277.25 277.19 277.26 276.75 276.47 276.39 276.41 276.33 276.28 276.22 276.15 276.06 276.08 275.82 275.68 275.64 275.62 275.59 275.42 275.34 275.17 275.01 274.80 274.69 274.74 274.70 274.39 274.41 274.25 274.19 274.14 274.03 273.83 273.71 273.53 273.50 273.57 273.53 273.24 273.26 273.19 273.17 273.10 272.97 273.54 272.98 272.82 272.60 272.54 272.47 272.35 272.27 272.36 272.47 272.39 272.37 272.19 272.06 272.04 272.03 272.07
-9999 -9999 -9999 -9999 -9999 278.00 277.75 277.62 277.60 277.39 277.27 277.18 277.25 276.68 276.56 276.42 276.40 276.28 276.25 276.29 276.25 276.02 275.99 275.78 275.64 275.69 275.68 275.60 275.39 275.16 275.17 274.88 274.84 274.73 274.70 274.49 274.36 274.22 274.14 274.08 274.07 274.04 273.83 273.81 273.59 273.43 273.59 273.52 273.45 273.36 273.27 273.32 273.07 272.97 272.98 273.22 272.85 272.68 272.67 272.61 272.38 272.45 272.37 272.47 272.45 272.41 272.32 272.24 272.31 272.14 272.10
-9999 -9999 -9999 -9999 -9999 278.00 277.71 277.58 277.52 277.35 277.22 277.26 277.25 276.71 276.59 276.53 276.48 276.41 276.37 276.35 276.27 275.83 275.81 275.65 275.57 275.59 275.56 275.46 275.28 275.16 275.03 274.86 274.84 274.80 274.85 274.82 274.61 274.31 274.15 273.99 273.93 273.91 273.86 273.87 273.66 273.56 273.55 273.45 273.48 273.45 273.38 273.29 273.02 272.94 273.04 273.06 272.96 272.69 272.69 272.64 272.45 272.46 272.52 272.45 272.50 272.45 272.42 272.31 272.18 271.97 271.92
-9999 -9999 -9999 -9999 -9999 278.08 277.85 277.72 277.46 277.28 277.18 277.18 277.27 276.82 276.61 276.55 276.50 276.43 276.33 276.24 275.76 275.70 275.58 275.53 275.54 275.45 275.41 275.29 275.18 275.06 274.98 274.87 274.90 274.85 274.93 274.86 274.72 274.47 274.44 274.07 274.04 274.00 273.80 273.68 273.63 273.60 273.59 273.53 273.55 273.50 273.40 273.25 273.01 273.05 273.46 273.22 273.18 272.98 272.94 272.71 272.60 272.53 272.44 272.32 272.34 272.23 272.35 272.30 272.22 271.99 271.90
-9999 -9999 -9999 -9999 -9999 277.78 277.87 277.73 277.51 277.18 277.07 277.17 277.02 277.03 276.67 276.64 276.59 276.47 276.33 276.26 275.81 275.62 275.48 275.49 275.34 275.33 275.22 275.27 275.05 275.02 274.94 274.88 274.89 274.85 274.88 274.81 274.73 274.74 274.17 273.81 274.20 274.09 274.03 273.82 273.66 273.56 273.51 273.43 273.36 273.36 273.35 273.32 273.15 273.20 273.52 273.15 273.24 273.09 272.76 272.78 272.70 272.67 272.57 272.45 272.50 272.47 272.41 272.37 272.25 272.13 272.08
-9999 -9999 -9999 -9999 -9999 277.66 277.85 277.84 277.31 277.14 277.12 277.10 277.06 276.92 276.83 276.78 276.58 276.40 276.25 276.24 275.95 275.82 275.56 275.44 275.31 275.22 275.18 275.14 275.03 274.96 274.93 274.93 274.82 274.82 274.79 274.78 274.71 274.70 274.25 274.04 274.16 274.27 274.28 274.05 273.89 273.56 273.60 273.61 273.52 273.30 273.22 273.18 273.20 273.21 273.21 273.13 273.28 273.19 272.84 272.89 272.80 272.71 272.63 272.51 272.50 272.35 272.41 272.50 272.31 272.23 272.19
-9999 -9999 -9999 -9999 -9999 277.76 277.79 277.65 277.36 277.12 277.11 277.16 277.11 276.83 276.82 276.82 276.58 276.26 276.24 276.02 275.92 275.83 275.49 275.47 275.33 275.35 275.12 275.09 274.93 274.98 274.97 274.92 274.79 274.82 274.82 274.90 274.73 274.71 274.54 274.30 274.14 274.26 274.30 274.21 273.90 273.26 273.60 273.61 273.55 273.50 273.46 273.33 273.27 273.10 273.06 273.00 273.05 273.10 272.90 272.95 272.87 272.63 272.48 272.53 272.48 272.33 272.56 272.51 272.33 272.33 272.32
-9999 -9999 -9999 -9999 -9999 277.79 277.74 277.53 277.27 277.08 277.00 277.11 276.91 276.26 276.64 276.72 276.53 276.42 276.33 276.15 276.05 275.70 275.58 275.54 275.28 275.25 275.26 275.05 275.00 275.02 274.97 274.89 274.73 274.76 274.74 274.82 274.65 274.69 274.59 274.45 274.29 274.31 274.35 274.29 273.91 273.66 273.62 273.61 273.58 273.56 273.43 273.47 273.44 273.40 273.32 273.13 272.95 272.92 272.88 272.85 272.78 272.77 272.73 272.67 272.48 272.51 272.55 272.47 272.33 272.30 272.34
