81450_1659988_M-34-42-A-d-3-2.asc
ncols         452
nrows         474
xllcenter     616490.00
yllcenter     333225.00
cellsize      5.00
nodata_value  -9999
[rows 320 to 351 of 474, columns 284 to 354 of 452]
261.21 260.71 260.65 260.49 260.41 260.41 260.26 260.84 260.40 260.24 260.19 260.19 260.15 260.14 260.13 260.08 259.99 259.97 259.86 259.92 259.65 259.44 259.48 259.45 259.33 259.31 259.35 259.30 259.39 259.51 259.68 259.47 259.31 259.14 259.00 258.97 258.93 258.83 258.91 258.92 259.01 258.98 258.97 259.02 258.86 258.85 259.25 259.19 259.05 258.94 258.96 259.33 259.47 259.10 258.95 259.30 259.33 259.08 259.16 259.55 260.10 259.29 260.09 259.85 259.85 259.95 260.09 260.17 260.30 260.41 260.51
260.97 260.60 260.61 260.43 260.44 260.32 260.35 261.09 260.40 260.14 260.03 260.13 260.18 260.18 260.18 260.05 260.14 260.08 259.84 259.80 259.56 259.54 259.49 259.44 259.28 259.26 259.36 259.31 259.47 259.53 259.69 259.72 259.72 259.53 258.91 258.77 258.71 258.79 258.64 259.00 259.05 258.97 259.14 259.02 258.77 258.85 259.40 259.11 259.05 259.05 259.08 259.46 259.50 259.56 258.76 259.29 259.34 259.08 259.09 259.60 259.73 259.29 259.60 259.92 259.89 260.05 260.17 260.26 260.34 260.48 260.60
260.77 260.66 260.54 260.54 260.58 260.47 260.43 260.43 260.28 260.02 259.70 260.22 260.24 260.14 260.04 259.96 259.95 259.80 259.76 259.47 259.33 259.26 259.37 259.51 259.43 259.38 259.19 259.29 259.99 259.68 259.89 259.51 259.58 259.19 258.77 258.79 258.67 258.76 259.05 259.18 258.99 259.08 258.96 258.74 258.90 259.25 259.12 259.18 259.19 258.88 259.01 259.05 259.25 259.24 258.14 259.56 259.45 259.13 259.29 259.38 259.92 259.50 259.73 259.76 259.81 259.90 260.05 260.15 260.26 260.33 260.47
260.69 260.69 260.63 260.51 260.59 260.59 260.46 260.48 260.10 260.10 259.81 259.66 259.75 259.86 259.72 259.66 259.52 259.47 259.33 259.33 259.31 259.31 259.29 259.43 259.36 259.38 259.12 259.28 259.53 259.64 259.94 259.71 259.29 258.96 258.73 258.68 258.73 259.65 259.40 258.97 258.91 258.88 258.91 258.88 258.90 259.36 259.36 259.22 259.18 258.82 258.97 258.96 259.09 259.21 258.80 259.03 259.32 259.11 259.21 259.28 260.05 259.53 259.61 260.01 259.81 259.95 260.10 260.22 260.29 260.39 260.53
260.87 260.80 260.61 260.60 260.69 260.61 260.57 260.38 260.25 260.03 259.80 259.72 259.64 259.61 259.54 259.44 259.45 259.37 259.36 259.30 259.34 259.30 259.29 259.28 259.24 259.24 259.11 259.27 259.42 259.73 259.64 259.56 259.19 258.85 258.72 258.65 258.64 258.81 259.23 259.05 258.90 258.88 259.03 258.89 259.03 259.37 259.39 259.27 259.13 258.95 258.98 258.90 259.02 259.34 259.17 258.64 259.49 259.33 259.16 259.27 259.61 259.85 259.29 259.77 259.73 259.89 260.02 260.11 260.27 260.33 260.45
261.05 260.82 260.74 260.69 260.71 260.72 260.71 260.59 260.37 260.21 259.93 259.80 259.76 259.59 259.53 259.42 259.42 259.37 259.41 259.31 259.37 259.33 259.37 259.30 259.23 259.23 259.35 259.19 259.07 259.81 259.79 259.42 259.05 258.99 258.67 258.67 258.71 258.71 258.89 258.82 259.04 259.13 259.21 259.43 259.32 259.12 259.19 259.17 259.15 258.76 258.83 258.92 258.99 259.33 259.35 258.09 259.20 259.43 259.03 259.15 259.69 260.21 259.70 259.91 259.78 259.80 259.89 259.99 260.09 260.19 260.36
261.08 261.00 260.84 260.76 260.72 260.70 260.73 260.61 260.46 260.37 260.15 259.91 259.88 259.78 259.47 259.59 259.53 259.49 259.41 259.33 259.27 259.42 259.50 259.29 259.28 259.34 259.41 259.40 259.16 259.40 259.56 259.28 258.96 258.77 258.69 258.93 258.85 258.77 258.88 258.83 259.03 258.82 258.87 259.01 259.11 259.51 259.22 259.20 259.10 258.89 258.58 258.86 258.84 259.37 259.35 258.83 259.10 259.21 259.16 259.10 259.24 260.08 259.74 259.88 259.92 259.72 259.88 259.98 260.06 260.15 260.29
261.24 261.04 260.95 260.82 260.79 260.71 260.62 260.49 260.47 260.39 260.33 260.06 260.04 259.82 259.79 259.44 259.50 259.31 259.35 259.26 259.14 259.11 259.12 259.36 259.32 259.32 259.25 259.09 259.15 259.25 259.63 259.43 259.36 258.97 258.80 258.96 258.98 258.85 258.86 258.85 258.79 259.06 258.97 259.07 259.25 259.19 259.27 259.09 259.23 258.74 258.53 258.62 258.79 259.05 259.21 258.74 258.61 259.16 258.77 258.94 259.31 259.45 259.96 259.65 260.02 259.62 259.77 259.92 260.02 260.15 260.22
261.27 261.15 261.04 260.93 260.93 260.78 260.55 260.51 260.39 260.28 260.37 260.23 260.09 259.94 259.72 259.71 259.41 259.49 259.22 259.14 259.17 259.06 259.06 259.17 259.31 259.22 259.14 259.16 259.17 259.22 259.44 259.50 259.16 259.30 259.04 258.89 258.89 258.82 259.01 259.05 258.86 258.81 258.71 258.88 258.84 259.01 259.20 259.07 258.94 258.61 258.81 258.37 258.43 258.51 258.84 258.96 258.44 259.25 259.16 259.06 259.10 259.33 259.77 259.65 259.73 259.83 259.64 259.74 259.91 259.93 260.02
261.26 261.24 261.13 261.06 261.00 260.78 260.56 260.51 260.41 260.23 260.14 260.17 260.11 259.98 259.91 259.72 259.42 259.39 259.21 259.16 259.24 259.17 259.11 259.11 259.37 259.37 259.27 259.12 259.13 259.10 259.58 259.25 259.28 259.26 259.05 258.99 258.88 258.86 259.05 259.07 258.88 258.86 259.05 258.91 259.24 259.17 259.19 259.05 258.86 258.69 258.71 258.57 258.68 259.06 259.16 258.95 258.86 258.67 259.14 259.01 258.99 259.23 259.67 259.81 259.23 259.74 259.46 259.55 259.76 259.77 259.87
261.32 261.28 261.17 261.17 261.05 260.81 260.69 260.55 260.46 260.31 260.23 260.05 259.95 260.03 259.99 259.79 259.74 259.34 259.21 259.31 259.25 259.23 259.13 259.10 259.24 259.54 259.46 259.31 259.57 259.44 259.53 259.42 259.48 259.32 259.26 259.27 259.14 259.12 258.81 258.67 258.48 259.01 259.07 259.13 258.79 258.78 259.04 259.29 258.82 258.91 258.69 258.58 259.02 258.97 258.93 259.05 258.69 258.33 259.16 259.23 258.88 259.01 259.16 259.60 259.52 259.90 259.74 259.69 259.95 259.66 259.79
261.40 261.22 261.25 261.23 260.99 260.87 260.76 260.64 260.48 260.38 260.21 260.07 259.95 259.97 259.84 259.77 259.95 259.29 259.13 259.21 259.19 259.32 259.19 259.13 259.17 259.38 259.49 259.47 259.64 259.53 259.50 259.39 259.53 259.30 259.24 259.20 259.18 259.11 258.94 258.81 258.73 259.00 259.09 259.01 258.79 258.60 258.78 258.94 258.98 259.20 258.83 258.44 259.12 259.14 259.01 258.77 258.79 258.51 258.39 259.00 258.79 258.93 259.08 259.70 259.38 259.02 259.89 259.59 260.35 260.03 259.82
261.42 261.24 261.32 261.20 261.00 260.96 260.75 260.64 260.55 260.37 260.23 260.03 259.97 259.90 259.87 259.76 259.81 259.41 259.18 259.16 259.25 259.33 259.37 259.26 259.32 259.43 259.47 259.49 259.57 259.44 259.45 259.68 259.55 259.43 259.38 259.40 259.23 259.30 259.12 258.97 258.67 258.97 258.95 259.01 258.97 258.66 258.53 258.80 258.74 258.87 258.80 258.49 258.84 258.62 258.66 258.93 258.86 258.55 258.27 258.92 258.99 258.89 259.18 260.86 260.19 259.16 259.29 259.26 260.53 260.75 260.09
261.29 261.34 261.31 261.12 261.08 260.93 260.83 260.63 260.54 260.43 260.23 260.10 260.09 260.02 259.86 259.84 259.82 259.38 259.30 259.25 259.26 259.29 259.45 259.41 259.38 259.33 259.40 259.36 259.63 259.56 259.59 259.75 259.51 259.54 259.60 259.56 259.46 259.41 259.27 259.12 258.60 258.66 258.72 258.82 258.78 258.70 258.61 258.77 258.62 258.65 258.53 258.29 258.80 258.66 258.76 258.80 258.99 258.85 258.88 258.40 259.12 258.95 259.16 260.45 260.75 259.66 259.15 259.52 259.90 260.81 259.68
261.31 261.41 261.26 261.13 261.08 260.93 260.75 260.66 260.53 260.39 260.29 260.13 260.25 260.16 260.00 259.91 259.70 259.51 259.60 259.85 259.87 259.68 259.42 259.40 259.30 259.35 259.41 259.29 259.42 259.26 259.57 259.90 259.63 259.79 259.69 259.77 259.81 259.47 259.38 259.21 258.88 258.70 258.71 258.79 258.85 258.64 258.62 258.57 258.63 258.47 258.49 258.54 258.88 258.92 258.70 258.82 258.59 259.10 258.98 258.11 258.64 258.58 258.69 258.64 260.21 259.57 258.95 259.99 259.56 259.76 259.61
261.36 261.38 261.19 261.13 261.06 260.91 260.76 260.69 260.55 260.38 260.26 260.19 260.22 260.07 260.01 259.89 259.67 259.53 259.49 259.32 259.54 259.52 259.36 259.31 259.27 259.26 259.23 259.32 259.19 259.10 259.56 259.65 259.71 259.88 259.90 259.92 259.96 259.79 259.79 259.14 258.92 258.71 258.71 258.85 258.81 258.50 258.51 258.65 258.51 258.56 258.32 258.29 258.86 258.83 258.83 258.95 258.78 258.82 258.81 258.63 258.45 258.78 258.76 258.63 259.24 259.78 258.76 259.17 259.57 259.64 259.41
261.33 261.25 261.16 261.12 260.99 260.87 260.81 260.67 260.51 260.40 260.31 260.28 260.24 260.10 260.05 259.99 259.92 259.66 259.33 259.24 259.34 259.31 259.38 259.26 259.28 259.26 259.13 259.25 259.28 259.26 259.21 259.58 259.75 259.88 259.94 260.03 260.17 259.87 259.84 259.29 258.61 258.67 258.64 258.75 258.47 258.38 258.38 258.54 258.60 259.19 259.06 258.38 258.56 258.78 258.71 258.80 258.54 258.82 258.67 258.61 258.02 258.89 258.84 258.56 258.66 259.15 259.33 259.08 259.76 259.30 259.39
261.25 261.14 261.09 261.06 260.92 260.81 260.83 260.64 260.48 260.33 260.33 260.35 260.26 260.16 259.87 259.89 259.71 259.51 259.50 259.44 259.59 259.26 259.55 259.42 259.23 259.31 259.15 259.21 259.19 259.40 259.06 259.26 259.48 259.48 259.73 259.69 259.86 259.55 259.49 259.18 258.43 258.57 258.49 258.27 258.37 258.36 258.34 258.45 258.58 258.96 259.09 258.75 258.72 258.40 258.46 258.87 258.83 258.80 258.73 258.61 258.43 258.32 258.99 258.63 258.68 258.45 259.45 259.37 259.27 259.22 259.43
261.16 261.05 261.04 260.94 260.85 260.83 260.73 260.60 260.47 260.37 260.40 260.38 260.29 260.14 260.05 259.83 259.78 259.50 259.44 259.49 259.66 259.41 259.43 259.39 259.32 259.22 259.16 259.17 259.11 259.40 259.03 259.15 259.22 259.24 259.26 259.31 259.31 259.26 259.16 258.87 258.58 258.58 258.68 258.28 258.29 258.27 258.37 258.43 258.52 258.58 258.52 258.58 258.44 258.36 258.29 258.89 258.82 259.00 258.77 258.84 258.56 258.35 258.38 258.61 258.82 258.57 258.91 259.01 258.74 259.03 260.78
260.94 260.97 260.90 260.80 260.75 260.72 260.65 260.50 260.41 260.38 260.43 260.39 260.19 260.15 260.04 260.03 259.89 259.92 259.78 259.56 259.48 259.44 259.36 259.30 259.22 259.23 259.20 259.22 259.17 259.19 259.15 259.13 259.27 259.27 259.26 259.26 259.44 259.29 259.21 258.92 258.69 258.59 258.45 258.29 258.24 258.35 258.20 258.34 258.43 258.45 258.33 258.26 258.32 258.49 258.53 258.30 258.62 258.66 258.56 258.53 258.48 258.33 258.27 258.48 258.66 258.69 258.68 259.02 259.10 259.32 260.40
260.90 260.85 260.79 260.73 260.71 260.64 260.57 260.47 260.44 260.48 260.42 260.32 260.40 260.16 260.17 259.86 259.71 259.69 259.79 259.43 259.51 259.48 259.35 259.41 259.26 259.19 259.19 259.23 259.05 259.11 259.22 259.26 259.26 259.33 259.54 259.48 259.47 259.36 259.19 259.06 258.84 258.46 258.32 258.24 258.22 258.13 258.34 258.21 258.41 258.48 258.29 258.30 258.26 258.39 258.48 258.51 258.30 258.62 258.53 258.32 258.74 258.51 258.20 258.36 258.80 258.33 258.51 258.78 259.52 258.88 259.14
260.84 260.76 260.64 260.63 260.62 260.51 260.44 260.36 260.38 260.48 260.38 260.42 260.39 260.19 260.20 259.96 260.02 259.77 259.66 259.55 259.50 259.52 259.29 259.22 259.20 259.17 259.25 259.31 259.32 259.24 259.30 259.24 259.16 259.33 259.60 259.70 259.68 259.61 259.38 259.15 258.84 258.62 258.48 258.19 258.21 258.37 258.20 258.34 258.49 258.50 258.44 258.50 258.26 258.37 258.37 258.20 258.49 258.51 258.73 258.55 258.65 258.77 258.31 258.37 258.56 258.52 258.54 258.41 258.82 258.85 259.30
260.78 260.64 260.58 260.62 260.55 260.48 260.34 260.35 260.38 260.39 260.33 260.37 260.21 260.17 260.13 260.16 260.14 259.78 259.35 259.39 259.48 259.30 259.36 259.27 259.30 259.29 259.21 259.24 259.40 259.36 259.22 259.23 259.17 259.31 259.38 259.80 259.85 259.65 259.40 259.20 258.88 258.56 258.42 258.25 258.23 258.48 258.24 258.67 258.74 258.30 258.43 258.42 258.35 258.38 258.19 258.40 258.29 258.78 258.63 258.63 258.51 258.63 258.58 258.32 258.50 258.61 258.53 258.37 258.71 258.84 259.38
260.65 260.59 260.55 260.51 260.44 260.32 260.35 260.35 260.37 260.46 260.39 260.43 260.29 260.15 260.02 260.21 260.13 259.87 259.59 259.31 259.41 259.44 259.27 259.32 259.35 259.42 259.18 259.35 259.34 259.27 259.22 259.12 259.09 259.28 259.43 259.45 259.57 259.45 259.38 259.14 258.94 258.62 258.28 258.18 258.45 258.27 258.69 258.89 258.70 258.67 258.40 258.45 258.23 258.15 258.49 258.60 258.50 258.48 258.63 258.46 258.41 258.46 258.60 258.25 258.27 258.77 258.57 258.18 258.43 258.59 258.48
260.62 260.43 260.48 260.43 260.35 260.27 260.29 260.34 260.36 260.33 260.51 260.36 260.36 260.18 260.21 260.33 260.23 259.76 259.58 259.73 259.89 259.64 259.27 259.48 259.35 259.42 259.18 259.16 259.30 259.26 259.29 259.21 259.10 259.15 259.23 259.48 259.68 259.60 259.57 259.31 259.04 258.54 258.21 258.27 258.35 258.36 258.43 258.72 258.84 258.80 258.21 257.98 257.97 258.29 258.49 258.61 258.69 258.63 258.58 258.35 258.41 258.41 258.88 258.37 258.11 258.23 258.26 258.18 258.09 258.45 258.62
260.51 260.45 260.44 260.29 260.21 260.18 260.22 260.26 260.32 260.46 260.27 260.21 260.13 260.15 260.31 260.47 260.12 259.92 259.62 259.64 259.82 259.83 259.29 259.37 259.23 259.15 259.06 259.22 259.35 259.20 259.02 259.23 259.24 259.29 259.41 259.51 259.48 259.54 259.56 259.10 258.88 258.43 258.34 258.44 258.41 258.53 258.30 258.45 258.71 258.94 258.42 257.95 257.97 258.19 258.59 258.72 258.74 258.68 258.60 258.37 258.51 258.49 258.64 258.56 258.38 258.11 258.52 258.02 258.12 258.44 258.30
260.40 260.33 260.37 260.21 260.11 260.13 260.17 260.16 260.13 260.21 260.18 260.19 260.09 260.01 259.78 259.63 259.51 259.56 259.42 259.35 259.30 259.34 259.34 259.21 259.30 259.28 259.24 259.28 259.21 259.05 259.26 259.47 259.43 259.40 259.47 259.45 259.73 259.56 259.23 259.01 258.82 258.48 258.40 258.41 258.45 258.60 258.42 258.68 258.73 258.88 258.81 258.16 258.09 258.38 258.54 258.64 258.77 258.71 258.65 258.57 258.46 258.55 258.42 258.62 258.44 258.48 258.09 258.23 258.00 257.99 258.03
260.45 260.19 260.15 260.11 260.10 260.16 260.09 260.07 260.03 260.44 260.06 260.12 260.27 259.96 259.58 259.36 259.54 259.36 259.42 259.29 259.34 259.41 259.51 259.53 259.60 259.58 259.58 259.51 259.32 259.45 259.66 259.46 259.51 259.49 259.38 259.40 259.57 259.41 259.32 258.98 258.80 258.55 258.42 258.54 258.59 258.70 258.59 258.24 258.35 258.68 258.80 258.50 258.21 258.49 258.52 258.78 258.71 258.56 258.61 258.63 258.64 258.54 258.49 258.45 258.67 258.39 257.99 258.23 258.11 258.11 258.20
260.30 260.24 260.17 260.02 260.08 260.06 260.13 260.19 260.12 259.88 259.76 259.84 259.84 259.69 259.59 259.61 259.62 259.33 259.44 259.31 259.23 259.41 259.38 259.47 259.50 259.44 259.55 259.53 259.30 259.34 259.43 259.37 259.45 259.54 259.25 259.23 259.16 259.10 259.05 258.87 258.78 258.51 258.36 258.42 258.62 258.66 258.60 258.31 258.23 258.46 258.50 258.73 258.66 258.48 258.43 258.56 258.72 258.61 258.70 258.59 258.45 258.60 258.51 258.31 258.52 258.21 258.00 258.11 258.46 258.09 258.27
260.23 260.09 260.02 260.02 259.94 259.93 259.91 260.30 260.03 259.77 259.71 259.70 259.69 259.59 259.60 259.52 259.48 259.42 259.48 259.49 259.40 259.45 259.30 259.26 259.28 259.30 259.33 259.42 259.16 259.20 259.16 259.09 259.11 259.22 259.28 259.09 259.15 259.15 259.07 258.90 258.65 258.60 258.36 258.31 258.56 258.61 258.43 258.31 258.43 258.60 258.67 258.73 258.65 258.67 258.23 258.45 258.45 258.57 258.42 258.25 258.24 258.65 258.61 258.46 258.13 258.21 258.11 257.87 258.24 258.05 257.94
260.17 260.09 260.00 259.88 259.85 259.65 260.04 260.11 259.95 259.69 259.68 259.81 259.64 259.73 259.71 259.39 259.50 259.37 259.37 259.40 259.31 259.40 259.45 259.34 259.13 259.25 259.15 259.03 258.94 259.00 259.05 258.97 259.04 259.10 259.17 259.02 259.03 258.85 258.92 258.89 258.59 258.52 258.29 258.15 258.17 258.35 258.39 258.40 258.53 258.52 258.62 258.58 258.50 258.11 258.24 258.13 258.22 258.17 258.23 258.23 258.30 258.33 258.53 258.45 258.42 258.22 258.28 257.94 258.19 258.13 257.89
260.15 260.07 259.95 259.91 259.80 259.66 259.67 259.72 259.58 259.64 259.52 259.49 259.50 259.67 259.64 259.49 259.26 259.47 259.28 259.40 259.45 259.39 259.21 259.37 259.12 258.83 258.74 258.64 258.70 258.90 258.79 258.90 258.74 258.50 258.83 258.67 258.45 258.62 258.89 258.69 258.46 258.23 258.15 258.14 257.91 258.01 258.43 258.33 258.24 258.27 258.26 258.29 258.20 257.96 258.09 258.08 258.14 258.14 258.19 258.25 258.36 258.45 258.56 258.75 258.54 258.39 258.27 258.37 258.11 258.15 258.14
